0 0.8305288461538461 0.3557692307692308 0.10817307692307693 0.1814903846153846
0 0.6646634615384616 0.375 0.09375 0.13701923076923078
0 0.4182692307692308 0.40865384615384615 0.19230769230769232 0.21514423076923078
0 0.5661057692307693 0.41586538461538464 0.025240384615384616 0.1622596153846154
0 0.671875 0.4579326923076923 0.11899038461538461 0.13942307692307693
0 0.6262019230769231 0.4831730769230769 0.11057692307692307 0.12259615384615384
0 0.9663461538461539 0.5180288461538461 0.0625 0.234375
0 0.41346153846153844 0.5204326923076923 0.14423076923076922 0.1875
0 0.7764423076923077 0.5324519230769231 0.12740384615384615 0.20673076923076922
0 0.6622596153846154 0.6514423076923077 0.12740384615384615 0.23677884615384615
0 0.84375 0.65625 0.13942307692307693 0.13942307692307693
0 0.9519230769230769 0.7524038461538461 0.09134615384615384 0.1778846153846154