0 0.6502403846153846 0.16706730769230768 0.019230769230769232 0.11057692307692307
0 0.9122596153846154 0.515625 0.040865384615384616 0.09134615384615384
0 0.90625 0.6310096153846154 0.042067307692307696 0.078125
0 0.7379807692307693 0.6526442307692307 0.04447115384615385 0.07211538461538461
0 0.8112980769230769 0.7151442307692307 0.015625 0.07451923076923077
0 0.7283653846153846 0.7560096153846154 0.028846153846153848 0.09975961538461539
0 0.9122596153846154 0.7848557692307693 0.04447115384615385 0.11899038461538461
0 0.8052884615384616 0.8233173076923077 0.03125 0.09735576923076923
0 0.7487980769230769 0.8581730769230769 0.054086538461538464 0.1502403846153846
0 0.9242788461538461 0.8918269230769231 0.042067307692307696 0.09975961538461539
0 0.5913461538461539 0.10336538461538461 0.025240384615384616 0.13341346153846154