0 0.2764423076923077 0.14543269230769232 0.052884615384615384 0.19110576923076922
0 0.23197115384615385 0.203125 0.051682692307692304 0.12259615384615384
0 0.1658653846153846 0.3293269230769231 0.07692307692307693 0.18629807692307693
0 0.22115384615384615 0.3293269230769231 0.06490384615384616 0.13581730769230768
0 0.3918269230769231 0.39302884615384615 0.054086538461538464 0.10336538461538461
0 0.28725961538461536 0.42788461538461536 0.11057692307692307 0.14423076923076922
0 0.08052884615384616 0.44471153846153844 0.16105769230769232 0.3125
0 0.4891826923076923 0.484375 0.054086538461538464 0.13581730769230768
0 0.41346153846153844 0.5012019230769231 0.08533653846153846 0.10817307692307693
0 0.390625 0.5612980769230769 0.08052884615384616 0.11658653846153846
0 0.025240384615384616 0.1141826923076923 0.04326923076923077 0.20552884615384615
0 0.44471153846153844 0.11658653846153846 0.05889423076923077 0.23317307692307693