0 0.8028846153846154 0.5829326923076923 0.028846153846153848 0.06129807692307692
0 0.8485576923076923 0.5889423076923077 0.03365384615384615 0.09495192307692307
0 0.7067307692307693 0.6081730769230769 0.0625 0.05048076923076923
0 0.5480769230769231 0.6165865384615384 0.020432692307692308 0.078125
0 0.5901442307692307 0.6177884615384616 0.028846153846153848 0.07451923076923077
0 0.4639423076923077 0.6189903846153846 0.021634615384615384 0.06610576923076923
0 0.28365384615384615 0.6274038461538461 0.042067307692307696 0.078125
0 0.15865384615384615 0.6526442307692307 0.07692307692307693 0.07211538461538461
0 0.38822115384615385 0.6574519230769231 0.038461538461538464 0.08052884615384616
0 0.2608173076923077 0.7019230769230769 0.04567307692307692 0.046875
0 0.32211538461538464 0.7067307692307693 0.03245192307692308 0.08653846153846154