0 0.8557692307692307 0.4098557692307692 0.11658653846153846 0.14182692307692307
0 0.6899038461538461 0.44471153846153844 0.054086538461538464 0.18870192307692307
0 0.5204326923076923 0.5516826923076923 0.04927884615384615 0.08653846153846154
0 0.39903846153846156 0.5817307692307693 0.08052884615384616 0.15865384615384615
0 0.0625 0.5925480769230769 0.125 0.23076923076923078
0 0.7067307692307693 0.6153846153846154 0.09615384615384616 0.10336538461538461
0 0.21875 0.6286057692307693 0.09014423076923077 0.13581730769230768
0 0.37259615384615385 0.6442307692307693 0.04807692307692308 0.171875
0 0.6959134615384616 0.6466346153846154 0.040865384615384616 0.171875
0 0.15384615384615385 0.6574519230769231 0.0733173076923077 0.16346153846153846
0 0.5360576923076923 0.6875 0.15865384615384615 0.2644230769230769
0 0.32572115384615385 0.6983173076923077 0.0625 0.1971153846153846
0 0.25600961538461536 0.7331730769230769 0.1045673076923077 0.171875