0 0.8557692307692307 0.39663461538461536 0.09495192307692307 0.12740384615384615
0 0.6911057692307693 0.453125 0.07091346153846154 0.18870192307692307
0 0.5180288461538461 0.5480769230769231 0.10096153846153846 0.10336538461538461
0 0.34134615384615385 0.6009615384615384 0.054086538461538464 0.16346153846153846
0 0.7271634615384616 0.6069711538461539 0.07091346153846154 0.13581730769230768
0 0.051682692307692304 0.6117788461538461 0.10336538461538461 0.2403846153846154
0 0.39783653846153844 0.6237980769230769 0.054086538461538464 0.17548076923076922
0 0.13701923076923078 0.625 0.09495192307692307 0.14423076923076922
0 0.22596153846153846 0.6502403846153846 0.09495192307692307 0.12259615384615384
0 0.6995192307692307 0.6622596153846154 0.04447115384615385 0.17548076923076922
0 0.5300480769230769 0.6862980769230769 0.1658653846153846 0.21153846153846154
0 0.34375 0.7019230769230769 0.05889423076923077 0.203125
0 0.25721153846153844 0.7199519230769231 0.12379807692307693 0.16706730769230768