0 0.13341346153846154 0.4651442307692308 0.07572115384615384 0.046875
0 0.5132211538461539 0.47836538461538464 0.0985576923076923 0.08653846153846154
0 0.265625 0.5048076923076923 0.028846153846153848 0.04447115384615385
0 0.40024038461538464 0.5240384615384616 0.039663461538461536 0.0673076923076923
0 0.09375 0.5372596153846154 0.052884615384615384 0.042067307692307696
0 0.15745192307692307 0.5372596153846154 0.03365384615384615 0.036057692307692304
0 0.18509615384615385 0.5829326923076923 0.039663461538461536 0.027644230769230768
0 0.23197115384615385 0.625 0.039663461538461536 0.055288461538461536
0 0.5576923076923077 0.6694711538461539 0.1971153846153846 0.18389423076923078
0 0.7487980769230769 0.6742788461538461 0.1502403846153846 0.17067307692307693
0 0.9146634615384616 0.7127403846153846 0.13581730769230768 0.1814903846153846